MEMORY
  total            15.2 MB
  struct          159.0 KB
  buffer            1.1 MB
  arena            14.0 MB, used 0.2%

SIZES
  narena                14680064
  nbuffer               1131104
  nplugin               0
  maxuse_stack          4076
  maxuse_arena          31632
  maxuse_con            4
  maxuse_efc            16
  solver_nisland        1
  ncon                  4
  ne                    0
  nf                    0
  nl                    0
  nefc                  16
  nJ                    272
  nisland               0
  threadpool            0

TIMER
    0:  duration =  1.8        number = 11
    1:  duration =  1.8        number = 11
    2:  duration =  0          number = 0
    3:  duration =  1.5        number = 11
    4:  duration =  0.12       number = 11
    5:  duration =  0.013      number = 11
    6:  duration =  0.13       number = 11
    7:  duration =  0.026      number = 11
    8:  duration =  0.17       number = 11
    9:  duration =  0.033      number = 11
    10:  duration =  1.1        number = 11
    11:  duration =  0.13       number = 11
    12:  duration =  0.0013     number = 11
    13:  duration =  0.12       number = 11
    14:  duration =  0.12       number = 11

SOLVER STAT
  solver_nisland = 1
  solver_fwdinv =   0         0       
  ISLAND 0
    solver_niter = 1
    solver_nnz = 289
      0:  improvement =  4.6e-11     gradient =  5.7e-16     lineslope =  0       
          nactive = 16   nchange = 0   neval = 2   nupdate = 0

ENERGY =   0         0       

TIME =  1.6e+02 

QPOS
  -0.0013  
   0.0004  
   0.35    
   1       
   9e-06   
   4.9e-05 
  -0.0001  
  -0.087   
   0.0023  
   0.012   
   0.0042  
  -0.0036  
   2.7     
  -1.6     
   4.2     
  -1.7     
   1.8     
  -0.38    

QVEL
   5.5e-10 
   1.6e-09 
   1.4e-11 
  -4.4e-09 
   3e-09   
   1.4e-07 
  -2.5e-10 
  -1.3e-11 
   7.4e-05 
   2.8e-05 
  -2.3e-05 
  -0.14    
   0.28    
   0.069   
  -0.71    
  -0.086   
  -0.17    

QACC_WARMSTART
   1.8e-09 
   2e-10   
   1.5e-11 
   2.2e-09 
   3.2e-09 
  -5.8e-08 
  -7.6e-10 
  -6.6e-11 
   3.7e-08 
   5.3e-07 
   4.3e-08 
  -0.38    
   0.25    
  -0.43    
  -0.047   
  -0.3     
   0.036   

CTRL
   0       
   0       
   0       
   0       
   0       
   0       
   0       

QFRC_APPLIED
   0       
   0       
   0       
   0       
   0       
   0       
   0       
   0       
   0       
   0       
   0       
   0       
   0       
   0       
   0       
   0       
   0       

XFRC_APPLIED
   0         0         0         0         0         0       
   0         0         0         0         0         0       
   0         0         0         0         0         0       
   0         0         0         0         0         0       
   0         0         0         0         0         0       
   0         0         0         0         0         0       
   0         0         0         0         0         0       
   0         0         0         0         0         0       
   0         0         0         0         0         0       
   0         0         0         0         0         0       
   0         0         0         0         0         0       
   0         0         0         0         0         0       
   0         0         0         0         0         0       
   0         0         0         0         0         0       

QACC
   1.8e-09 
   2e-10   
   1.5e-11 
   2.2e-09 
   3.2e-09 
  -5.8e-08 
  -7.6e-10 
  -6.6e-11 
   3.7e-08 
   5.3e-07 
   4.3e-08 
  -0.38    
   0.25    
  -0.43    
  -0.047   
  -0.3     
   0.036   

XPOS
   0         0         0       
   1.5       0         0       
  -0.0013    0.0004    0.35    
  -0.00041   0.00058   0.38    
   0.54     -0.0087    0.63    
   0.92     -0.089     0.76    
   0.86     -0.014     0.87    
   0.92      0.059     0.76    
   0.44      0.28      0.38    
   0.018     0.52      0.38    
  -0.46      0.24      0.38    
  -0.46     -0.24      0.38    
   0.018    -0.52      0.38    
   0.44     -0.28      0.38    

XQUAT
   1         0         0         0       
   0.71      0         0        -0.71    
   1         9e-06     4.9e-05  -0.0001  
   1         0.00076   0.044    -0.0001  
   0.38      0.59     -0.6      -0.38    
  -0.14      0.82      0.21     -0.51    
   0.38      0.59     -0.6      -0.38    
   0.52     -0.23     -0.81      0.14    
   0.2      -0.24      0.42      0.85    
   0.68     -0.36      7.7e-05  -0.63    
  -0.52     -0.21     -0.37      0.74    
   0.65      0.19     -0.33     -0.66    
   0.61      0.4      -1.7e-05   0.69    
   0.98      0.047     0.082    -0.16    

XMAT
   1         0         0         0         1         0         0         0         1       
   9.5e-11   1         0        -1         9.5e-11  -0        -0         0         1       
   1         0.00021   9.9e-05  -0.00021   1        -1.8e-05  -9.9e-05   1.8e-05   1       
   1         0.00027   0.087    -0.00014   1        -0.0015   -0.087     0.0015    1       
  -0.017    -0.42     -0.91     -1         0.0072    0.016    -1.6e-05   0.91     -0.42    
   0.38      0.2      -0.9       0.49     -0.87      0.021    -0.78     -0.45     -0.43    
  -0.013    -0.42     -0.91     -1         0.0072    0.011     0.0017    0.91     -0.42    
  -0.36      0.23     -0.9       0.51      0.86      0.014     0.78     -0.45     -0.43    
  -0.8      -0.55     -0.25      0.13     -0.56      0.82     -0.59      0.62      0.52    
   0.2       0.86      0.46     -0.86     -0.063     0.5       0.46     -0.5       0.73    
  -0.37      0.93      0.068    -0.61     -0.19     -0.77     -0.7      -0.33      0.63    
  -0.09      0.73     -0.68     -0.98      0.055     0.19      0.18      0.68      0.71    
   0.052    -0.84      0.55      0.84     -0.26     -0.48      0.55      0.48      0.68    
   0.93      0.33      0.15     -0.31      0.94     -0.12     -0.18      0.066     0.98    

XIPOS
   0         0         0       
   1.5       0.36      2.3     
  -0.0013   -0.0017    0.35    
  -0.073     0.0035    0.47    
   0.85     -0.014     0.76    
   0.92     -0.087     0.76    
   0.86     -0.014     0.87    
   0.92      0.057     0.76    
   0.44      0.28      0.38    
   0.019     0.52      0.38    
  -0.46      0.24      0.38    
  -0.46     -0.24      0.38    
   0.019    -0.52      0.38    
   0.44     -0.28      0.38    

XIMAT
   1         0         0         0         1         0         0         0         1       
   1        -0.089     0.013    -0.023    -0.39     -0.92      0.088     0.92     -0.39    
   9.9e-05  -0.00021   1        -1.8e-05  -1        -0.00021   1        -1.8e-05  -9.9e-05 
   0.019    -0.99     -0.15      1         0.019    -0.00094   0.0039   -0.15      0.99    
  -0.013    -0.39     -0.92     -1         0.005     0.012    -3.8e-05   0.92     -0.39    
   0.2      -0.91     -0.37     -0.87     -0.33      0.36     -0.45      0.25     -0.86    
  -0.42     -0.63     -0.65      0.0071    0.72     -0.7       0.91     -0.3      -0.3     
   0.23     -0.38     -0.89      0.86     -0.35      0.37     -0.45     -0.85      0.25    
  -0.25      0.97      0.047     0.43      0.069     0.9       0.87      0.25     -0.44    
   0.5      -0.7      -0.5      -0.0015    0.58     -0.81      0.87      0.41      0.29    
  -0.25     -0.78     -0.58     -0.43      0.62     -0.65      0.87      0.09     -0.49    
  -0.25     -0.53     -0.81      0.43      0.68     -0.59      0.86     -0.5       0.06    
   0.5       0.61     -0.61      0.0016    0.7       0.71      0.87     -0.36      0.35    
  -0.25     -0.5       0.83     -0.43     -0.71     -0.56      0.86     -0.5      -0.039   

XANCHOR
  -0.0013    0.0004    0.35    
  -0.00041   0.00058   0.38    
   0.54     -0.0087    0.63    
   0.92     -0.089     0.76    
   0.86     -0.014     0.87    
   0.92      0.059     0.76    
   0.44      0.28      0.38    
   0.018     0.52      0.38    
  -0.46      0.24      0.38    
  -0.46     -0.24      0.38    
   0.018    -0.52      0.38    
   0.44     -0.28      0.38    

XAXIS
   0         0         1       
  -0.017    -1        -1.6e-05 
  -0.91      0.016    -0.42    
   0.2      -0.87     -0.45    
  -0.42      0.0072    0.91    
   0.23      0.86     -0.45    
  -0.25      0.43      0.87    
   0.5      -0.00012   0.87    
  -0.25     -0.43      0.87    
  -0.25      0.43      0.87    
   0.5      -0.00012   0.87    
  -0.25     -0.43      0.87    

GEOM_XPOS
   0.3       0.2       1.1     
   0.4      -0.2       2.2     
  -0.11     -0.3       1.3     
   1.1       2.3       2.3     
   0.4       1.1       3.5     
   0         0         0       
   1.5       0.36      2.3     
  -0.0017    0.00066   0.31    
   0.029    -0.25      0.17    
  -0.24     -0.1       0.17    
   0.23      0.1       0.17    
  -0.032     0.25      0.17    
   0.44      0.28      0.38    
   0.018     0.52      0.38    
  -0.46      0.24      0.38    
  -0.46     -0.24      0.38    
   0.018    -0.52      0.38    
   0.44     -0.28      0.38    
   0.036     0.00072   0.39    
   0.87     -0.014     0.78    
  -0.097     0.0026    0.61    
   0.32     -0.005     0.53    
   0.42      0.00016   0.57    
  -0.021     0.0027    0.37    
   0.67     -0.011     0.69    
   0.89     -0.015     0.78    
   0.89     -0.015     0.78    
   0.93     -0.016     0.74    
   0.93     -0.016     0.75    
   0.92     -0.088     0.76    
   0.92     -0.088     0.76    
   0.86     -0.014     0.87    
   0.86     -0.014     0.87    
   0.92      0.058     0.76    
   0.92      0.058     0.76    
   0.44      0.28      0.38    
   0.019     0.52      0.38    
  -0.46      0.25      0.38    
  -0.46     -0.24      0.38    
   0.017    -0.52      0.38    
   0.44     -0.28      0.38    

GEOM_XMAT
   1         0         0         0         1         0         0         0         1       
   1         0         0         0         1         0         0         0         1       
   1         0         0         0         1         0         0         0         1       
   1         0         0         0         1         0         0         0         1       
   1         0         0         0         1         0         0         0         1       
   1         0         0         0         1         0         0         0         1       
   1        -0.089     0.013    -0.023    -0.39     -0.92      0.088     0.92     -0.39    
   0.0021   -0.82     -0.57     -0.0026    0.57     -0.82      1         0.0032   -0.00098 
   0.85      0.48     -0.23     -0.4       0.86      0.3       0.35     -0.16      0.92    
   0.079    -0.92      0.37      1         0.061    -0.059     0.032     0.38      0.93    
   0.079    -0.92     -0.37      1         0.061     0.059    -0.032    -0.38      0.93    
   0.85      0.48      0.23     -0.4       0.86     -0.3      -0.35      0.16      0.92    
   0.77      0.59     -0.23     -0.45      0.77      0.45      0.45     -0.25      0.86    
   0.00021  -0.87      0.5       1         0.00017  -0.00012   1.8e-05   0.5       0.87    
   0.77     -0.59     -0.23      0.45      0.77     -0.45      0.45      0.25      0.86    
   0.77      0.59     -0.23     -0.45      0.77      0.45      0.45     -0.25      0.86    
   0.00021  -0.87      0.5       1         0.00017  -0.00012   1.8e-05   0.5       0.87    
   0.77     -0.59     -0.23      0.45      0.77     -0.45      0.45      0.25      0.86    
   0.019    -0.42      0.91      1         0.0091   -0.016    -0.0014    0.91      0.42    
   0.42      0.017     0.91     -0.0072    1        -0.016    -0.91      1.6e-05   0.42    
  -0.41     -0.91     -0.0099    0.0072    0.0076   -1         0.91     -0.41      0.0035  
   0.0018   -0.42     -0.91     -1        -0.038     0.016    -0.041     0.91     -0.42    
   0.41      0.028     0.91      0.0013    1        -0.031    -0.91      0.014     0.41    
   0.015    -0.42      0.91      1         0.01     -0.012    -0.004     0.91      0.42    
   0.0043   -0.42     -0.91     -1        -0.041     0.014    -0.043     0.91     -0.42    
  -0.9       0.017     0.44      0.015     1        -0.0075   -0.44     -4.9e-07  -0.9     
  -0.91      0.017     0.42      0.016     1        -0.0072   -0.42      1.6e-05  -0.91    
  -0.91      0.39     -0.14      0.0072   -0.32     -0.95     -0.41     -0.86      0.28    
  -0.92     -0.0053    0.4       0.053     0.99      0.13     -0.4       0.14     -0.91    
   0.2       0.085    -0.98     -0.87     -0.45     -0.21     -0.45      0.89     -0.014   
   0.2       0.085    -0.98     -0.87     -0.45     -0.21     -0.45      0.89     -0.014   
  -0.42      0.32     -0.85      0.0067    0.94      0.35      0.91      0.14     -0.4     
  -0.42      0.32     -0.85      0.0067    0.94      0.35      0.91      0.14     -0.4     
   0.23      0.74     -0.63      0.86     -0.45     -0.23     -0.45     -0.49     -0.74    
   0.23      0.74     -0.63      0.86     -0.45     -0.23     -0.45     -0.49     -0.74    
  -0.25      0.97      0.044     0.43      0.071     0.9       0.87      0.24     -0.44    
   0.5      -0.71     -0.5       0.00052   0.58     -0.81      0.87      0.41      0.29    
  -0.25     -0.78     -0.58     -0.43      0.62     -0.65      0.87      0.086    -0.49    
  -0.25     -0.54     -0.81      0.43      0.68     -0.59      0.87     -0.5       0.061   
   0.5       0.61     -0.61     -0.00075   0.71      0.71      0.87     -0.35      0.35    
  -0.25     -0.5       0.83     -0.43     -0.71     -0.56      0.87     -0.5      -0.038   

SITE_XPOS
   0.018     0.52      0.38    

SITE_XMAT
   0.2       0.86      0.46     -0.86     -0.063     0.5       0.46     -0.5       0.73    

LIGHT_XPOS
   0         0         10      

LIGHT_XDIR
   0         0        -1       

SUBTREE_COM
   1.5       0.36      2.3     
   1.5       0.36      2.3     
   0.034    -0.00069   0.42    
   0.079     0.00055   0.51    
   0.86     -0.014     0.77    
   0.92     -0.087     0.76    
   0.86     -0.014     0.87    
   0.92      0.057     0.76    
   0.44      0.28      0.38    
   0.019     0.52      0.38    
  -0.46      0.24      0.38    
  -0.46     -0.24      0.38    
   0.019    -0.52      0.38    
   0.44     -0.28      0.38    

CDOF
   0         0         0         1         0         0       
   0         0         0         0         1         0       
   0         0         0         0         0         1       
   1        -0.00021  -9.9e-05  -1.6e-05  -0.078    -0.0011  
   0.00021   1         1.8e-05   0.078    -1.5e-05  -0.036   
   9.9e-05  -1.8e-05   1         0.0011    0.036     5.4e-07 
  -0.017    -1        -1.6e-05  -0.049     0.00084   0.035   
   0         0         0        -0.91      0.016    -0.42    
   0.2      -0.87     -0.45      0.33      0.46     -0.75    
  -0.42      0.0072    0.91     -0.016    -0.94      0.00027 
   0.23      0.86     -0.45     -0.31      0.48      0.75    
  -0.25      0.43      0.87      0.26     -0.34      0.25    
   0.5      -0.00012   0.87      0.45     -0.008    -0.26    
  -0.25     -0.43      0.87      0.19      0.44      0.28    
  -0.25      0.43      0.87     -0.19      0.44     -0.28    
   0.5      -0.00012   0.87     -0.45     -0.0078    0.26    
  -0.25     -0.43      0.87     -0.26     -0.34     -0.25    

CINERT
   0         0         0         0         0         0         0         0         0         0       
   2.3e+03   1.1e+03   1.3e+03  -19        90       -1.1e+02   0         0         0         1.4e+03 
   0.18      0.18      0.3      -0.00015  -0.011    -0.00031  -0.15     -0.0043   -0.3       4.1     
   0.056     0.097     0.043     0.0014    0.019    -0.00041  -0.3       0.012     0.11      2.8     
   0.049     0.33      0.28      0.0047   -0.12      0.002     0.35     -0.0058    0.14      0.42    
   0.0048    0.036     0.032     0.0031   -0.012     0.0012    0.036    -0.0035    0.014     0.041   
   0.0082    0.037     0.028     0.00047  -0.015     0.00025   0.034    -0.00056   0.018     0.041   
   0.0047    0.037     0.032    -0.0021   -0.012    -0.00078   0.036     0.0024    0.014     0.041   
   0.0015    0.0027    0.004    -0.0018    0.00029   0.00028   0.0065    0.0044   -0.00071   0.016   
   0.0045    0.00011   0.0045    4e-05     2.1e-05   0.00042  -0.00025   0.0083   -0.00071   0.016   
   0.0011    0.0041    0.005     0.0019   -0.00041   0.0001   -0.0079    0.0039   -0.00071   0.016   
   0.001     0.0041    0.0051   -0.002    -0.00034  -0.00016  -0.0079   -0.0039   -0.00071   0.016   
   0.0045    0.00014   0.0045   -3.7e-05   3.6e-05  -0.00042  -0.00025  -0.0083   -0.00071   0.016   
   0.0013    0.0028    0.0041    0.0019    0.0003   -0.0002    0.0065   -0.0044   -0.00072   0.016   

ACTUATOR_LENGTH
  -0.087   
   2.7e+02 
  -1.6e+02 
   4.2e+02 
  -1.7e+02 
   1.8e+02 
  -38      

actuator_moment
-------------------
       x           |
            x      |
             x     |
              x    |
               x   |
                x  |
                 x |
-------------------

ACTUATOR_MOMENT
     6:  1       
    11:  1e+02   
    12:  1e+02   
    13:  1e+02   
    14:  1e+02   
    15:  1e+02   
    16:  1e+02   

CRB
   0         0         0         0         0         0         0         0         0         0       
   2.3e+03   1.1e+03   1.3e+03  -19        90       -1.1e+02   0         0         0         1.4e+03 
   0.31      0.74      0.74      0.0074   -0.15      0.0019   -1.7e-16   4.3e-18  -2.8e-16   7.6     
   0.12      0.54      0.42      0.0076   -0.14      0.0022    0.15      0.0042    0.3       3.4     
   0.067     0.44      0.38      0.0062   -0.16      0.0026    0.45     -0.0075    0.19      0.55    
   0.0048    0.036     0.032     0.0031   -0.012     0.0012    0.036    -0.0035    0.014     0.041   
   0.0082    0.037     0.028     0.00047  -0.015     0.00025   0.034    -0.00056   0.018     0.041   
   0.0047    0.037     0.032    -0.0021   -0.012    -0.00078   0.036     0.0024    0.014     0.041   
   0.0015    0.0027    0.004    -0.0018    0.00029   0.00028   0.0065    0.0044   -0.00071   0.016   
   0.0045    0.00011   0.0045    4e-05     2.1e-05   0.00042  -0.00025   0.0083   -0.00071   0.016   
   0.0011    0.0041    0.005     0.0019   -0.00041   0.0001   -0.0079    0.0039   -0.00071   0.016   
   0.001     0.0041    0.0051   -0.002    -0.00034  -0.00016  -0.0079   -0.0039   -0.00071   0.016   
   0.0045    0.00014   0.0045   -3.7e-05   3.6e-05  -0.00042  -0.00025  -0.0083   -0.00071   0.016   
   0.0013    0.0028    0.0041    0.0019    0.0003   -0.0002    0.0065   -0.0044   -0.00072   0.016   

QM
   7.6       0         0        -0.00012   0.59      0.0083   -0.47     -0.5      -3.1e-08  -3.1e-08  -7.8e-08  -9.8e-07   9.8e-06   1.1e-05  -1.6e-05  -1.2e-05   1.6e-05 
   0         7.6       0        -0.59     -0.00012   0.27      0.0081    0.0085    3.2e-08   1.8e-06   3.3e-08  -1.7e-05   1.6e-05   1.3e-05  -1.1e-05   1.4e-05  -1.1e-05 
   0         0         7.6      -0.0083   -0.27      4e-06     0.27     -0.23     -7.5e-08  -2.9e-08   2.3e-08   8.4e-06  -5.7e-06   9.5e-06   1.1e-06   6.8e-06  -7.9e-07 
  -0.00012  -0.59     -0.0083    0.36      0.0076   -0.17     -0.011    -0.00018   8e-07    -2.7e-06   9.1e-07  -5.2e-05   0.00011  -5.3e-05  -5.5e-05   0.00011  -5.4e-05 
   0.59     -0.00012  -0.27      0.0076    0.79      0.0025   -0.61     -0.01     -3.5e-06   3.8e-08   3.5e-06   9.1e-05   4.3e-07  -9e-05     9.5e-05  -5.2e-07  -9.4e-05 
   0.0083    0.27      4e-06    -0.17      0.0025    0.75      0.00029   4e-06    -1.8e-06   5.2e-06  -1.8e-06   0.00018   0.00019   0.00018   0.00019   0.00018   0.00019 
  -0.47      0.0081    0.27     -0.011    -0.61      0.00029   0.59     -0.0035    3.5e-06   5.8e-09  -3.5e-06   0         0         0         0         0         0       
  -0.5       0.0085   -0.23     -0.00018  -0.01      4e-06    -0.0035    0.55      6e-08     6.8e-08   6.1e-08   0         0         0         0         0         0       
  -3.1e-08   3.2e-08  -7.5e-08   8e-07    -3.5e-06  -1.8e-06   3.5e-06   6e-08     4.1e-06   0         0         0         0         0         0         0         0       
  -3.1e-08   1.8e-06  -2.9e-08  -2.7e-06   3.8e-08   5.2e-06   5.8e-09   6.8e-08   0         4.1e-06   0         0         0         0         0         0         0       
  -7.8e-08   3.3e-08   2.3e-08   9.1e-07   3.5e-06  -1.8e-06  -3.5e-06   6.1e-08   0         0         4.1e-06   0         0         0         0         0         0       
  -9.8e-07  -1.7e-05   8.4e-06  -5.2e-05   9.1e-05   0.00018   0         0         0         0         0         0.00022   0         0         0         0         0       
   9.8e-06   1.6e-05  -5.7e-06   0.00011   4.3e-07   0.00019   0         0         0         0         0         0         0.00022   0         0         0         0       
   1.1e-05   1.3e-05   9.5e-06  -5.3e-05  -9e-05     0.00018   0         0         0         0         0         0         0         0.00022   0         0         0       
  -1.6e-05  -1.1e-05   1.1e-06  -5.5e-05   9.5e-05   0.00019   0         0         0         0         0         0         0         0         0.00022   0         0       
  -1.2e-05   1.4e-05   6.8e-06   0.00011  -5.2e-07   0.00018   0         0         0         0         0         0         0         0         0         0.00022   0       
   1.6e-05  -1.1e-05  -7.9e-07  -5.4e-05  -9.4e-05   0.00019   0         0         0         0         0         0         0         0         0         0         0.00022 

QLD
   6.7      -0.00025   0.0005   -0.017     0.55      0.011    -0.8      -0.91     -0.0075   -0.0077   -0.019    -0.0045    0.045     0.051    -0.071    -0.054     0.073   
  -0.00025   6.6      -0.00079  -1.6       0.043     0.36      0.014     0.016     0.0079    0.43      0.008    -0.079     0.071     0.057    -0.051     0.063    -0.049   
   0.0005   -0.00079   7.4      -0.011    -0.016    -0.00019   0.45     -0.42     -0.018    -0.007     0.0057    0.038    -0.026     0.043     0.0051    0.031    -0.0036  
  -0.017    -1.6      -0.011     0.32     -0.015    -0.23     -0.018    -0.00033   0.19     -0.65      0.22     -0.24      0.48     -0.24     -0.25      0.48     -0.25    
   0.55      0.043    -0.016    -0.015     0.17      0.0037   -1        -0.019    -0.86      0.0092    0.85      0.42      0.002    -0.41      0.43     -0.0024   -0.43    
   0.011     0.36     -0.00019  -0.23      0.0037    0.75      0.00049   7.2e-06  -0.45      1.3      -0.44      0.83      0.84      0.83      0.87      0.84      0.86    
  -0.8       0.014     0.45     -0.018    -1         0.00049   0.59     -0.0064    0.85      0.0014   -0.85      0         0         0         0         0         0       
  -0.91      0.016    -0.42     -0.00033  -0.019     7.2e-06  -0.0064    0.55      0.015     0.017     0.015     0         0         0         0         0         0       
  -0.0075    0.0079   -0.018     0.19     -0.86     -0.45      0.85      0.015     4.1e-06   0         0         0         0         0         0         0         0       
  -0.0077    0.43     -0.007    -0.65      0.0092    1.3       0.0014    0.017     0         4.1e-06   0         0         0         0         0         0         0       
  -0.019     0.008     0.0057    0.22      0.85     -0.44     -0.85      0.015     0         0         4.1e-06   0         0         0         0         0         0       
  -0.0045   -0.079     0.038    -0.24      0.42      0.83      0         0         0         0         0         0.00022   0         0         0         0         0       
   0.045     0.071    -0.026     0.48      0.002     0.84      0         0         0         0         0         0         0.00022   0         0         0         0       
   0.051     0.057     0.043    -0.24     -0.41      0.83      0         0         0         0         0         0         0         0.00022   0         0         0       
  -0.071    -0.051     0.0051   -0.25      0.43      0.87      0         0         0         0         0         0         0         0         0.00022   0         0       
  -0.054     0.063     0.031     0.48     -0.0024    0.84      0         0         0         0         0         0         0         0         0         0.00022   0       
   0.073    -0.049    -0.0036   -0.25     -0.43      0.86      0         0         0         0         0         0         0         0         0         0         0.00022 

QLDIAGINV
   0.15    
   0.15    
   0.14    
   3.1     
   5.8     
   1.3     
   1.7     
   1.8     
   2.4e+05 
   2.4e+05 
   2.4e+05 
   4.6e+03 
   4.6e+03 
   4.6e+03 
   4.6e+03 
   4.6e+03 
   4.6e+03 

QLDIAGSQRTINV
   0.39    
   0.39    
   0.37    
   1.8     
   2.4     
   1.2     
   1.3     
   1.4     
   4.9e+02 
   4.9e+02 
   4.9e+02 
   68      
   68      
   68      
   68      
   68      
   68      

B: body-dof matrix
-------------------
 xxxxxxxxxxxxxxxxx |
                   |
 xxxxxxxxxxxxxxxxx |
 xxxxxxxxxxx       |
 xxxxxxxxxxx       |
 xxxxxxxxx         |
 xxxxxxxx x        |
 xxxxxxxx  x       |
 xxxxxx     x      |
 xxxxxx      x     |
 xxxxxx       x    |
 xxxxxx        x   |
 xxxxxx         x  |
 xxxxxx          x |
-------------------

B_rownnz              17 0 17 11 11 9 9 9 7 7 7 7 7 7

B_rowadr              0 17 17 34 45 56 65 74 83 90 97 104 111 118

B_colind              0 1 2 3 4 5 6 7 8 9 10 11 12 13 14 15 16 0 1 2 3 4 5 6 7 8 9 10 11 12 13 14 15 16 0 1 2 3 4 5 6 7 8 9 10 0 1 2 3 4 5 6 7 8 9 10 0 1 2 3 4 5 6 7 8 0 1 2 3 4 5 6 7 9 0 1 2 3 4 5 6 7 10 0 1 2 3 4 5 11 0 1 2 3 4 5 12 0 1 2 3 4 5 13 0 1 2 3 4 5 14 0 1 2 3 4 5 15 0 1 2 3 4 5 16

C: reduced dof-dof matrix
-------------------
 Dxxxxxxxxxxxxxxxx |
 xDxxxxxxxxxxxxxxx |
 xxDxxxxxxxxxxxxxx |
 xxxDxxxxxxxxxxxxx |
 xxxxDxxxxxxxxxxxx |
 xxxxxDxxxxxxxxxxx |
 xxxxxxDxxxx       |
 xxxxxxxDxxx       |
 xxxxxxxxD         |
 xxxxxxxx D        |
 xxxxxxxx  D       |
 xxxxxx     D      |
 xxxxxx      D     |
 xxxxxx       D    |
 xxxxxx        D   |
 xxxxxx         D  |
 xxxxxx          D |
-------------------

C_rownnz              17 17 17 17 17 17 11 11 9 9 9 7 7 7 7 7 7

C_rowadr              0 17 34 51 68 85 102 113 124 133 142 151 158 165 172 179 186

C_colind              0 1 2 3 4 5 6 7 8 9 10 11 12 13 14 15 16 0 1 2 3 4 5 6 7 8 9 10 11 12 13 14 15 16 0 1 2 3 4 5 6 7 8 9 10 11 12 13 14 15 16 0 1 2 3 4 5 6 7 8 9 10 11 12 13 14 15 16 0 1 2 3 4 5 6 7 8 9 10 11 12 13 14 15 16 0 1 2 3 4 5 6 7 8 9 10 11 12 13 14 15 16 0 1 2 3 4 5 6 7 8 9 10 0 1 2 3 4 5 6 7 8 9 10 0 1 2 3 4 5 6 7 8 0 1 2 3 4 5 6 7 9 0 1 2 3 4 5 6 7 10 0 1 2 3 4 5 11 0 1 2 3 4 5 12 0 1 2 3 4 5 13 0 1 2 3 4 5 14 0 1 2 3 4 5 15 0 1 2 3 4 5 16

mapM2C                0 2 5 9 14 20 27 35 44 53 62 69 76 83 90 97 104 2 1 4 8 13 19 26 34 43 52 61 68 75 82 89 96 103 5 4 3 7 12 18 25 33 42 51 60 67 74 81 88 95 102 9 8 7 6 11 17 24 32 41 50 59 66 73 80 87 94 101 14 13 12 11 10 16 23 31 40 49 58 65 72 79 86 93 100 20 19 18 17 16 15 22 30 39 48 57 64 71 78 85 92 99 27 26 25 24 23 22 21 29 38 47 56 35 34 33 32 31 30 29 28 37 46 55 44 43 42 41 40 39 38 37 36 53 52 51 50 49 48 47 46 45 62 61 60 59 58 57 56 55 54 69 68 67 66 65 64 63 76 75 74 73 72 71 70 83 82 81 80 79 78 77 90 89 88 87 86 85 84 97 96 95 94 93 92 91 104 103 102 101 100 99 98

D: dof-dof matrix
-------------------
 Dxxxxxxxxxxxxxxxx |
 xDxxxxxxxxxxxxxxx |
 xxDxxxxxxxxxxxxxx |
 xxxDxxxxxxxxxxxxx |
 xxxxDxxxxxxxxxxxx |
 xxxxxDxxxxxxxxxxx |
 xxxxxxDxxxx       |
 xxxxxxxDxxx       |
 xxxxxxxxD         |
 xxxxxxxx D        |
 xxxxxxxx  D       |
 xxxxxx     D      |
 xxxxxx      D     |
 xxxxxx       D    |
 xxxxxx        D   |
 xxxxxx         D  |
 xxxxxx          D |
-------------------

D_rownnz              17 17 17 17 17 17 11 11 9 9 9 7 7 7 7 7 7

D_rowadr              0 17 34 51 68 85 102 113 124 133 142 151 158 165 172 179 186

D_colind              0 1 2 3 4 5 6 7 8 9 10 11 12 13 14 15 16 0 1 2 3 4 5 6 7 8 9 10 11 12 13 14 15 16 0 1 2 3 4 5 6 7 8 9 10 11 12 13 14 15 16 0 1 2 3 4 5 6 7 8 9 10 11 12 13 14 15 16 0 1 2 3 4 5 6 7 8 9 10 11 12 13 14 15 16 0 1 2 3 4 5 6 7 8 9 10 11 12 13 14 15 16 0 1 2 3 4 5 6 7 8 9 10 0 1 2 3 4 5 6 7 8 9 10 0 1 2 3 4 5 6 7 8 0 1 2 3 4 5 6 7 9 0 1 2 3 4 5 6 7 10 0 1 2 3 4 5 11 0 1 2 3 4 5 12 0 1 2 3 4 5 13 0 1 2 3 4 5 14 0 1 2 3 4 5 15 0 1 2 3 4 5 16

mapM2D                0 2 5 9 14 20 27 35 44 53 62 69 76 83 90 97 104 2 1 4 8 13 19 26 34 43 52 61 68 75 82 89 96 103 5 4 3 7 12 18 25 33 42 51 60 67 74 81 88 95 102 9 8 7 6 11 17 24 32 41 50 59 66 73 80 87 94 101 14 13 12 11 10 16 23 31 40 49 58 65 72 79 86 93 100 20 19 18 17 16 15 22 30 39 48 57 64 71 78 85 92 99 27 26 25 24 23 22 21 29 38 47 56 35 34 33 32 31 30 29 28 37 46 55 44 43 42 41 40 39 38 37 36 53 52 51 50 49 48 47 46 45 62 61 60 59 58 57 56 55 54 69 68 67 66 65 64 63 76 75 74 73 72 71 70 83 82 81 80 79 78 77 90 89 88 87 86 85 84 97 96 95 94 93 92 91 104 103 102 101 100 99 98

mapD2M                0 18 17 36 35 34 54 53 52 51 72 71 70 69 68 90 89 88 87 86 85 108 107 106 105 104 103 102 120 119 118 117 116 115 114 113 132 131 130 129 128 127 126 125 124 141 140 139 138 137 136 135 134 133 150 149 148 147 146 145 144 143 142 157 156 155 154 153 152 151 164 163 162 161 160 159 158 171 170 169 168 167 166 165 178 177 176 175 174 173 172 185 184 183 182 181 180 179 192 191 190 189 188 187 186

QDERIV
   0         0         0         0         0         0         0         0         0         0         0         0         0         0         0         0         0       
   0         0         0         0         0         0         0         0         0         0         0         0         0         0         0         0         0       
   0         0         0         0         0         0         0         0         0         0         0         0         0         0         0         0         0       
   0         0         0         0         0         0         0         0         0         0         0         0         0         0         0         0         0       
   0         0         0         0         0         0         0         0         0         0         0         0         0         0         0         0         0       
   0         0         0         0         0         0         0         0         0         0         0         0         0         0         0         0         0       
   0         0         0         0         0         0         0         0         0         0         0         0         0         0         0         0         0       
   0         0         0         0         0         0         0         0         0         0         0         0         0         0         0         0         0       
   0         0         0         0         0         0         0         0         0         0         0         0         0         0         0         0         0       
   0         0         0         0         0         0         0         0         0         0         0         0         0         0         0         0         0       
   0         0         0         0         0         0         0         0         0         0         0         0         0         0         0         0         0       
   0         0         0         0         0         0         0         0         0         0         0         0         0         0         0         0         0       
   0         0         0         0         0         0         0         0         0         0         0         0         0         0         0         0         0       
   0         0         0         0         0         0         0         0         0         0         0         0         0         0         0         0         0       
   0         0         0         0         0         0         0         0         0         0         0         0         0         0         0         0         0       
   0         0         0         0         0         0         0         0         0         0         0         0         0         0         0         0         0       
   0         0         0         0         0         0         0         0         0         0         0         0         0         0         0         0         0       

QLU
   0         0         0         0         0         0         0         0         0         0         0         0         0         0         0         0         0       
   0         0         0         0         0         0         0         0         0         0         0         0         0         0         0         0         0       
   0         0         0         0         0         0         0         0         0         0         0         0         0         0         0         0         0       
   0         0         0         0         0         0         0         0         0         0         0         0         0         0         0         0         0       
   0         0         0         0         0         0         0         0         0         0         0         0         0         0         0         0         0       
   0         0         0         0         0         0         0         0         0         0         0         0         0         0         0         0         0       
   0         0         0         0         0         0         0         0         0         0         0         0         0         0         0         0         0       
   0         0         0         0         0         0         0         0         0         0         0         0         0         0         0         0         0       
   0         0         0         0         0         0         0         0         0         0         0         0         0         0         0         0         0       
   0         0         0         0         0         0         0         0         0         0         0         0         0         0         0         0         0       
   0         0         0         0         0         0         0         0         0         0         0         0         0         0         0         0         0       
   0         0         0         0         0         0         0         0         0         0         0         0         0         0         0         0         0       
   0         0         0         0         0         0         0         0         0         0         0         0         0         0         0         0         0       
   0         0         0         0         0         0         0         0         0         0         0         0         0         0         0         0         0       
   0         0         0         0         0         0         0         0         0         0         0         0         0         0         0         0         0       
   0         0         0         0         0         0         0         0         0         0         0         0         0         0         0         0         0       
   0         0         0         0         0         0         0         0         0         0         0         0         0         0         0         0         0       

CONTACT
  0:
     dim           3
     geoms         floor : leg1
     exclude       0
     efc_address   0
     solref         0.02      1       
     solimp         0.9       0.95      0.001     0.5       2       
     dist          -4.3e-05 
     includemargin  0       
     pos            0.053    -0.28     -2.1e-05 
     frame          0         0         1         0         1         0        -1         0         0       
     friction       1         1         0.005     0.0001    0.0001  
     mu             1       
  1:
     dim           3
     geoms         floor : leg2
     exclude       0
     efc_address   4
     solref         0.02      1       
     solimp         0.9       0.95      0.001     0.5       2       
     dist          -0.00017 
     includemargin  0       
     pos           -0.27     -0.094    -8.6e-05 
     frame          0         0         1         0         1         0        -1         0         0       
     friction       1         1         0.005     0.0001    0.0001  
     mu             1       
  2:
     dim           3
     geoms         floor : leg3
     exclude       0
     efc_address   8
     solref         0.02      1       
     solimp         0.9       0.95      0.001     0.5       2       
     dist          -0.00022 
     includemargin  0       
     pos            0.27      0.095    -0.00011 
     frame          0         0         1         0         1         0        -1         0         0       
     friction       1         1         0.005     0.0001    0.0001  
     mu             1       
  3:
     dim           3
     geoms         floor : leg4
     exclude       0
     efc_address   12
     solref         0.02      1       
     solimp         0.9       0.95      0.001     0.5       2       
     dist          -2.2e-05 
     includemargin  0       
     pos           -0.056     0.29     -1.1e-05 
     frame          0         0         1         0         1         0        -1         0         0       
     friction       1         1         0.005     0.0001    0.0001  
     mu             1       

EFC_TYPE
  6
  6
  6
  6
  6
  6
  6
  6
  6
  6
  6
  6
  6
  6
  6
  6

EFC_ID
  0
  0
  0
  0
  1
  1
  1
  1
  2
  2
  2
  2
  3
  3
  3
  3

EFC_J
   0         1         1         0.062    -0.055     0.055     0         0         0         0         0         0         0         0         0         0         0       
   0        -1         1        -0.63     -0.055    -0.055     0         0         0         0         0         0         0         0         0         0         0       
  -1         0         1        -0.28      0.29     -0.28      0         0         0         0         0         0         0         0         0         0         0       
   1         0         1        -0.28     -0.4       0.28      0         0         0         0         0         0         0         0         0         0         0       
   0         1         1         0.25      0.27     -0.27      0         0         0         0         0         0         0         0         0         0         0       
   0        -1         1        -0.44      0.27      0.27      0         0         0         0         0         0         0         0         0         0         0       
  -1         0         1        -0.094     0.62     -0.094     0         0         0         0         0         0         0         0         0         0         0       
   1         0         1        -0.094    -0.074     0.094     0         0         0         0         0         0         0         0         0         0         0       
   0         1         1         0.44     -0.27      0.27      0         0         0         0         0         0         0         0         0         0         0       
   0        -1         1        -0.25     -0.27     -0.27      0         0         0         0         0         0         0         0         0         0         0       
  -1         0         1         0.094     0.074     0.094     0         0         0         0         0         0         0         0         0         0         0       
   1         0         1         0.094    -0.62     -0.094     0         0         0         0         0         0         0         0         0         0         0       
   0         1         1         0.63      0.055    -0.055     0         0         0         0         0         0         0         0         0         0         0       
   0        -1         1        -0.062     0.055     0.055     0         0         0         0         0         0         0         0         0         0         0       
  -1         0         1         0.28      0.4       0.28      0         0         0         0         0         0         0         0         0         0         0       
   1         0         1         0.28     -0.29     -0.28      0         0         0         0         0         0         0         0         0         0         0       

EFC_POS
  -4.3e-05 
  -4.3e-05 
  -4.3e-05 
  -4.3e-05 
  -0.00017 
  -0.00017 
  -0.00017 
  -0.00017 
  -0.00022 
  -0.00022 
  -0.00022 
  -0.00022 
  -2.2e-05 
  -2.2e-05 
  -2.2e-05 
  -2.2e-05 

EFC_MARGIN
   0       
   0       
   0       
   0       
   0       
   0       
   0       
   0       
   0       
   0       
   0       
   0       
   0       
   0       
   0       
   0       

EFC_FRICTIONLOSS
   0       
   0       
   0       
   0       
   0       
   0       
   0       
   0       
   0       
   0       
   0       
   0       
   0       
   0       
   0       
   0       

EFC_DIAGAPPROX
   0.58    
   0.58    
   0.58    
   0.58    
   0.58    
   0.58    
   0.58    
   0.58    
   0.58    
   0.58    
   0.58    
   0.58    
   0.58    
   0.58    
   0.58    
   0.58    

EFC_KBIP
   2.8e+03   1.1e+02   0.9      -8.6     
   2.8e+03   1.1e+02   0.9      -8.6     
   2.8e+03   1.1e+02   0.9      -8.6     
   2.8e+03   1.1e+02   0.9      -8.6     
   2.8e+03   1.1e+02   0.9      -34      
   2.8e+03   1.1e+02   0.9      -34      
   2.8e+03   1.1e+02   0.9      -34      
   2.8e+03   1.1e+02   0.9      -34      
   2.8e+03   1.1e+02   0.9      -44      
   2.8e+03   1.1e+02   0.9      -44      
   2.8e+03   1.1e+02   0.9      -44      
   2.8e+03   1.1e+02   0.9      -44      
   2.8e+03   1.1e+02   0.9      -4.3     
   2.8e+03   1.1e+02   0.9      -4.3     
   2.8e+03   1.1e+02   0.9      -4.3     
   2.8e+03   1.1e+02   0.9      -4.3     

EFC_D
   16      
   16      
   16      
   16      
   16      
   16      
   16      
   16      
   16      
   16      
   16      
   16      
   16      
   16      
   16      
   16      

EFC_R
   0.064   
   0.064   
   0.064   
   0.064   
   0.062   
   0.062   
   0.062   
   0.062   
   0.061   
   0.061   
   0.061   
   0.061   
   0.064   
   0.064   
   0.064   
   0.064   

ACTUATOR_VELOCITY
  -2.4e-10 
  -13      
   27      
   7.3     
  -71      
  -8.3     
  -17      

CVEL
   0         0         0         0         0         0       
   0         0         0         0         0         0       
  -4.4e-09   3e-09     1.4e-07   9.1e-10   6.8e-09  -8.8e-11 
  -4.4e-09   3.2e-09   1.4e-07   9.3e-10   6.8e-09  -9.6e-11 
  -4.4e-09   3.2e-09   1.4e-07   9.4e-10   6.8e-09  -9.1e-11 
   1.4e-05  -6.4e-05  -3.3e-05   2.4e-05   3.4e-05  -5.5e-05 
  -1.2e-05   2.1e-07   2.6e-05  -4.4e-07  -2.7e-05   7.5e-09 
  -5.2e-06  -2e-05     1.1e-05   7.2e-06  -1.1e-05  -1.7e-05 
   0.034    -0.058    -0.12     -0.035     0.046    -0.033   
   0.14     -3.2e-05   0.24      0.12     -0.0022   -0.071   
  -0.018    -0.032     0.063     0.014     0.032     0.02    
   0.18     -0.31     -0.61      0.14     -0.31      0.2     
  -0.041     9.8e-06  -0.072     0.037     0.00065  -0.022   
   0.043     0.074    -0.15      0.044     0.059     0.042   

CDOF_DOT
   0         0         0         0         0         0       
   0         0         0         0         0         0       
   0         0         0         0         0         0       
   0         0        -0        -1.6e-13   1.4e-11  -1.6e-09 
   0         0         0        -1.4e-11  -6.7e-15   5.3e-10 
   0         0        -0         1.6e-09  -5.3e-10  -1.7e-13 
   1.4e-07  -2.3e-09   4.4e-09  -9.9e-11  -6.6e-09  -6.5e-10 
   0         0        -0        -3.5e-09  -1.3e-07   2.9e-09 
   1.2e-07   2.5e-08   3.2e-09  -6.9e-08   4.2e-08  -5.2e-09 
   1.9e-09  -5.4e-08   1.3e-09   1.3e-07  -2.9e-09   7e-09   
  -1.2e-07   2.9e-08  -4.5e-09  -6.6e-08  -3.9e-08  -1.8e-09 
  -5.7e-08  -3e-08    -1.1e-09   5.3e-08   3.6e-08   2.8e-09 
   2.6e-09   7.2e-08  -1.5e-09   6.2e-09   6e-08    -4.7e-09 
   6.2e-08  -3e-08     2.6e-09  -5.4e-08   2.7e-08  -1.2e-09 
  -5.7e-08  -3e-08    -1.1e-09  -5.5e-08  -2.8e-08   7.4e-10 
   2.6e-09   7.2e-08  -1.5e-09   7.8e-09  -6.1e-08  -2e-09   
   6.2e-08  -3e-08     2.6e-09   5.2e-08  -3.7e-08   3.6e-09 

QFRC_BIAS
   4.6e-06 
  -5.4e-06 
   74      
  -0.081   
  -2.6     
   4.5e-05 
   2.6     
  -2.3     
  -7.4e-07 
  -2.8e-07 
   2.3e-07 
   8.2e-05 
  -5.5e-05 
   9.3e-05 
   1.1e-05 
   6.6e-05 
  -7.7e-06 

QFRC_SPRING
   0       
   0       
   0       
   0       
   0       
   0       
   0       
  -2.3     
   0       
   0       
   0       
   0       
   0       
   0       
   0       
   0       
   0       

QFRC_DAMPER
   0       
   0       
   0       
   0       
   0       
   0       
   0       
   1.3e-09 
  -7.4e-07 
  -2.8e-07 
   2.3e-07 
   0       
   0       
   0       
   0       
   0       
   0       

QFRC_GRAVCOMP
   0       
   0       
   0       
   0       
   0       
   0       
   0       
   0       
   0       
   0       
   0       
   0       
   0       
   0       
   0       
   0       
   0       

QFRC_FLUID
  -3e-11   
  -2.7e-11 
   4e-12   
  -2.8e-07 
   3.5e-07 
   6.8e-07 
  -7.3e-19 
  -5e-19   
  -8.4e-19 
  -1.2e-19 
   8.2e-20 
   3e-08   
  -1.2e-07 
  -8.8e-09 
   8.2e-07 
   1.1e-08 
   4.9e-08 

QFRC_PASSIVE
  -3e-11   
  -2.7e-11 
   4e-12   
  -2.8e-07 
   3.5e-07 
   6.8e-07 
  -7.3e-19 
  -2.3     
  -7.4e-07 
  -2.8e-07 
   2.3e-07 
   3e-08   
  -1.2e-07 
  -8.8e-09 
   8.2e-07 
   1.1e-08 
   4.9e-08 

EFC_VEL
   8.6e-09 
  -6.5e-09 
  -3.7e-08 
   3.9e-08 
  -3.6e-08 
   3.8e-08 
  -1.1e-08 
   1.4e-08 
   3.6e-08 
  -3.9e-08 
   1.2e-08 
  -1.5e-08 
  -8.4e-09 
   6.3e-09 
   3.8e-08 
  -4e-08   

EFC_AREF
   0.11    
   0.11    
   0.11    
   0.11    
   0.43    
   0.43    
   0.43    
   0.43    
   0.56    
   0.56    
   0.56    
   0.56    
   0.054   
   0.054   
   0.054   
   0.054   

SUBTREE_LINVEL
   0         0         0       
   0         0         0       
   0         0         0       
   0         0         0       
   0         0         0       
   0         0         0       
   0         0         0       
   0         0         0       
   0         0         0       
   0         0         0       
   0         0         0       
   0         0         0       
   0         0         0       
   0         0         0       

SUBTREE_ANGMOM
   0         0         0       
   0         0         0       
   0         0         0       
   0         0         0       
   0         0         0       
   0         0         0       
   0         0         0       
   0         0         0       
   0         0         0       
   0         0         0       
   0         0         0       
   0         0         0       
   0         0         0       
   0         0         0       

ACTUATOR_FORCE
   2.6     
   0       
   0       
   0       
   0       
   0       
   0       

QFRC_ACTUATOR
   0       
   0       
   0       
   0       
   0       
   0       
   2.6     
   0       
   0       
   0       
   0       
   0       
   0       
   0       
   0       
   0       
   0       

QFRC_SMOOTH
  -4.6e-06 
   5.4e-06 
  -74      
   0.081   
   2.6     
  -4.4e-05 
  -3.3e-09 
  -9.5e-10 
   2.5e-13 
   1.8e-12 
   3e-13   
  -8.2e-05 
   5.5e-05 
  -9.3e-05 
  -1e-05   
  -6.6e-05 
   7.8e-06 

QACC_SMOOTH
  -0.21    
   0.0041  
  -10      
   0.27    
   15      
   0.0028  
   20      
  -4       
  -4.1     
  -0.0057  
   4.1     
  -6.3     
  -0.16    
   6.4     
  -6.6     
  -0.098   
   6.6     

EFC_B
  -11      
  -11      
  -5.6     
  -17      
  -6.3     
  -6.5     
  -0.84    
  -12      
  -15      
  -15      
  -9.3     
  -20      
  -9.1     
  -9.3     
  -3.7     
  -15      

EFC_FORCE
   1.7     
   1.7     
   1.7     
   1.7     
   6.9     
   6.9     
   6.9     
   6.9     
   9.2     
   9.2     
   9.2     
   9.2     
   0.84    
   0.84    
   0.84    
   0.84    

EFC_STATE
  1
  1
  1
  1
  1
  1
  1
  1
  1
  1
  1
  1
  1
  1
  1
  1

QFRC_CONSTRAINT
   7.5e-06 
  -4.3e-06 
   74      
  -0.081   
  -2.6     
  -0.00011 
   0       
   0       
   0       
   0       
   0       
   0       
   0       
   0       
   0       
   0       
   0       

QFRC_INVERSE
   0       
   0       
   0       
   0       
   0       
   0       
   0       
   0       
   0       
   0       
   0       
   0       
   0       
   0       
   0       
   0       
   0       

CACC
   0         0         0         0         0         0       
   0         0         0         0         0         0       
   0         0         0         0         0         0       
   0         0         0         0         0         0       
   0         0         0         0         0         0       
   0         0         0         0         0         0       
   0         0         0         0         0         0       
   0         0         0         0         0         0       
   0         0         0         0         0         0       
   0         0         0         0         0         0       
   0         0         0         0         0         0       
   0         0         0         0         0         0       
   0         0         0         0         0         0       
   0         0         0         0         0         0       

CFRC_INT
   0         0         0         0         0         0       
   0         0         0         0         0         0       
   0         0         0         0         0         0       
   0         0         0         0         0         0       
   0         0         0         0         0         0       
   0         0         0         0         0         0       
   0         0         0         0         0         0       
   0         0         0         0         0         0       
   0         0         0         0         0         0       
   0         0         0         0         0         0       
   0         0         0         0         0         0       
   0         0         0         0         0         0       
   0         0         0         0         0         0       
   0         0         0         0         0         0       

CFRC_EXT
   0         0         0         0         0         0       
   0         0         0         0         0         0       
   0         0         0         0         0         0       
   0         0         0         0         0         0       
   0         0         0         0         0         0       
   0         0         0         0         0         0       
   0         0         0         0         0         0       
   0         0         0         0         0         0       
   0         0         0         0         0         0       
   0         0         0         0         0         0       
   0         0         0         0         0         0       
   0         0         0         0         0         0       
   0         0         0         0         0         0       
   0         0         0         0         0         0       

